<?xml version="1.0"?>
<opencv_storage>
<calibration_Time>"Sun Jan  1 21:30:13 2017"</calibration_Time>
<nrOfFrames>25</nrOfFrames>
<image_Width>640</image_Width>
<image_Height>480</image_Height>
<board_Width>6</board_Width>
<board_Height>4</board_Height>
<square_Size>50.</square_Size>
<FixAspectRatio>1.</FixAspectRatio>
<!-- flags:  +fix_aspectRatio +fix_principal_point +zero_tangent_dist -->
<flagValue>14</flagValue>
<Camera_Matrix type_id="opencv-matrix">
  <rows>3</rows>
  <cols>3</cols>
  <dt>d</dt>
  <data>
    5.9095087183910482e+02 0. 320. 0. 5.9095087183910482e+02 240. 0. 0.
    1.</data></Camera_Matrix>
<Distortion_Coefficients type_id="opencv-matrix">
  <rows>5</rows>
  <cols>1</cols>
  <dt>d</dt>
  <data>
    -2.9592236233751970e-02 1.7506694358404806e+00 0. 0.
    -7.2523580196569331e+00</data></Distortion_Coefficients>
<Avg_Reprojection_Error>1.1003424507350699e+00</Avg_Reprojection_Error>
<Per_View_Reprojection_Errors type_id="opencv-matrix">
  <rows>25</rows>
  <cols>1</cols>
  <dt>f</dt>
  <data>
    7.52715766e-01 1.94993830e+00 9.67830718e-01 8.63741577e-01
    3.34653467e-01 3.35357159e-01 4.86593843e-01 3.91911685e-01
    4.14421648e-01 4.44640726e-01 6.54039681e-01 9.17557538e-01
    1.16613054e+00 1.52898622e+00 8.52198482e-01 1.91136777e+00
    4.53252256e-01 4.53765571e-01 4.25956309e-01 1.81044722e+00
    1.62533808e+00 1.57468522e+00 1.50546575e+00 1.54335666e+00
    4.95816648e-01</data></Per_View_Reprojection_Errors>
<!-- a set of 6-tuples (rotation vector + translation vector) for each view -->
<Extrinsic_Parameters type_id="opencv-matrix">
  <rows>25</rows>
  <cols>6</cols>
  <dt>d</dt>
  <data>
    -1.8753158184490576e-01 -9.4098007980610479e-02
    -1.5384056330380474e-01 -6.6679894487231294e+01
    5.6837097524057478e+00 6.0128912243681816e+02
    -2.3274660946707501e-01 -1.7814732770119129e-01
    -1.5158888315863056e-01 -6.3581890727184451e+01
    1.0918167197550539e+00 5.8424957338363242e+02
    -1.4117136633687469e-01 2.6175831868831889e-01
    -1.0024986263772251e-01 1.1006344788778028e+01
    -2.3147834750004687e+01 7.0958421208013601e+02
    -9.9463493653920557e-02 1.0538588685852930e-01
    -8.4450085210403744e-02 -3.8067917681279035e+00
    -2.3910662011140911e+01 6.9498423362823826e+02
    -2.5005331247138263e-01 -2.9375285560173420e-01
    -8.4866419085363479e-02 -8.7981101056444047e+01
    -2.7729205295155946e+01 7.0041327964078323e+02
    -2.4788208300877082e-01 -3.1963470166659291e-01
    -8.9750694802533712e-02 -9.4793106776599984e+01
    -2.7646644963185846e+01 6.9769562153227298e+02
    -3.2986321997070439e-02 -1.9994461715211090e-01
    -4.9291908948428963e-02 -9.0926455534445537e+01
    -5.0717338244347786e+01 7.0989093949225696e+02
    -3.4061248181931444e-02 -6.3886039142598744e-02
    -2.2427786642907174e-02 -6.6846486320935242e+01
    -1.0220330819358972e+02 7.3144133267224834e+02
    -5.3346680844554140e-01 -1.1150501649968636e-01
    -7.4621120134504018e-02 -8.1396217289803388e+01
    -8.4640890153949570e+01 7.9058585370221351e+02
    -5.0238465594251747e-01 -1.0572995604358505e-01
    -7.2660753738160749e-02 -7.5947610757714912e+01
    -8.4262492366544095e+01 7.9233238195432864e+02
    -1.6795659503978702e-01 7.5073641475674843e-02
    1.5076516640754754e+00 2.0506704254914254e+02
    -1.2184075376186392e+02 6.5728302215163774e+02
    -1.6473283824549645e-01 1.2704018397278283e-01
    1.5231922567088414e+00 2.0168878981813987e+02
    -1.1788532538032513e+02 6.6556282188319074e+02
    -4.8785540364675989e-01 -2.2813639247979087e-01
    -1.3953816945762116e+00 -2.7606122997611230e+01
    8.6780450081529466e+01 6.9185129971098843e+02
    -2.0914792732794496e-01 -1.7684380162012270e-01
    -1.5524941573568949e+00 -2.4137276751851758e+01
    1.2225390328272753e+02 7.0961520264978697e+02
    -2.8812712020084680e-01 2.3499478781237035e-01
    1.3107208673252504e+00 8.0433959238772900e+01
    -1.2013329532162633e+02 7.5767684038722189e+02
    -1.6581928086909475e-01 3.5663808833340310e-01
    7.1496476253157226e-01 -4.4156730709238118e+01
    -1.3809061617416640e+02 7.1418399071035799e+02
    -3.0772574304662481e-01 -1.5539170200641833e-01
    3.1067006658090604e-02 -7.1706070834294437e+01
    -3.3506437568189035e+01 8.1153000298083373e+02
    -3.2011139353144197e-01 -8.6866561637742742e-02
    4.0452879667081647e-03 -6.4078331383442062e+01
    -1.0776493212394847e+01 8.1972315475507185e+02
    -4.7339195650686416e-01 2.8918810332591777e-01
    1.4363686021775177e+00 9.2722693203472446e+01
    -2.2163136701963261e+01 8.7069521541050517e+02
    -2.9171209157950356e-01 -1.0499687994285255e-01
    3.5078058543268942e-01 -3.1510168391935625e+01
    -1.2724488062581709e+02 5.2316583974070136e+02
    -2.7749927225033189e-01 -9.3274098949360854e-02
    3.6090276451871955e-01 -2.0885649495722969e+01
    -1.2201658680351437e+02 5.3015917997464805e+02
    -2.6716913664977271e-01 -7.9506391350296246e-02
    3.8281417430381104e-01 -1.7344711376252643e+01
    -1.1971613365287899e+02 5.2926322055337766e+02
    -2.6528463719380152e-01 -8.2467527068459778e-02
    3.8276012865618475e-01 -1.8131521641163662e+01
    -1.2011498499384624e+02 5.3042696121308211e+02
    -2.1651349541691736e-01 -1.2849389882599674e-01
    3.1137976277357282e-01 -2.2295440953960277e+01
    -1.1284259243812699e+02 5.2061448473835264e+02
    -1.2851652115905174e-01 -8.1118656723717139e-02
    -1.0897062344856765e+00 -1.1163714616310659e+02
    9.0450364980937323e+01 6.6199102850700319e+02</data></Extrinsic_Parameters>
