<?xml version="1.0"?>
<opencv_storage>
<calibration_Time>"Tue Jan  3 22:52:55 2017"</calibration_Time>
<nrOfFrames>25</nrOfFrames>
<image_Width>640</image_Width>
<image_Height>480</image_Height>
<board_Width>6</board_Width>
<board_Height>4</board_Height>
<square_Size>50.</square_Size>
<FixAspectRatio>1.</FixAspectRatio>
<!-- flags:  +fix_aspectRatio +fix_principal_point +zero_tangent_dist -->
<flagValue>14</flagValue>
<Camera_Matrix type_id="opencv-matrix">
  <rows>3</rows>
  <cols>3</cols>
  <dt>d</dt>
  <data>
    4.7330193473861425e+02 0. 320. 0. 4.7330193473861425e+02 240. 0. 0.
    1.</data></Camera_Matrix>
<Distortion_Coefficients type_id="opencv-matrix">
  <rows>5</rows>
  <cols>1</cols>
  <dt>d</dt>
  <data>
    -9.9414840474075339e-02 9.3613496008816055e-01 0. 0.
    -2.2981290032871384e+00</data></Distortion_Coefficients>
<Avg_Reprojection_Error>8.5498525595132646e-01</Avg_Reprojection_Error>
<Per_View_Reprojection_Errors type_id="opencv-matrix">
  <rows>25</rows>
  <cols>1</cols>
  <dt>f</dt>
  <data>
    1.04543686e+00 9.67771947e-01 9.23933983e-01 8.97168458e-01
    8.76437306e-01 8.67619693e-01 8.88941407e-01 8.78679514e-01
    8.84834409e-01 8.85425091e-01 8.77513409e-01 9.01421726e-01
    9.62625802e-01 1.06812704e+00 6.38400257e-01 6.42185092e-01
    7.20195472e-01 7.46777892e-01 8.02249968e-01 8.01274955e-01
    8.48560214e-01 7.65462637e-01 7.88010001e-01 7.77824104e-01
    7.56798387e-01</data></Per_View_Reprojection_Errors>
<!-- a set of 6-tuples (rotation vector + translation vector) for each view -->
<Extrinsic_Parameters type_id="opencv-matrix">
  <rows>25</rows>
  <cols>6</cols>
  <dt>d</dt>
  <data>
    -2.9098365196322923e-01 -7.0289257478044070e-02
    2.9401743990428653e-02 -1.0798864905450483e+02
    -4.1338048888643449e+01 4.4394008568168965e+02
    -2.9762979286325830e-01 -6.1133443356109922e-02
    5.7036498908017126e-03 -1.2839093410883746e+02
    -3.2236499795515641e+01 4.5417781809792206e+02
    -2.7860184999469556e-01 -5.7378689605511214e-02
    1.0906981415378452e-02 -1.2954734656027307e+02
    -3.0484777915453364e+01 4.5320632792270413e+02
    -2.6027965911669548e-01 -5.1822337378484816e-02
    1.0448492543467618e-02 -1.3083580343036843e+02
    -3.5367384756727844e+01 4.5706338821190769e+02
    -2.5595179417979380e-01 -4.6139302428374010e-02
    1.3071988635892979e-02 -1.3061843070959179e+02
    -3.6762032068187295e+01 4.5909573496374372e+02
    -2.5630966408214673e-01 -4.4050148591231575e-02
    1.6002785364860304e-02 -1.2977766336641068e+02
    -3.7488491937024563e+01 4.5951086912602727e+02
    -2.5596732759355068e-01 -4.3597283306176036e-02
    1.8097789488957666e-02 -1.2973951975616441e+02
    -4.0303804746735693e+01 4.6152903506984444e+02
    -2.5290137409144092e-01 -3.7687268828189700e-02
    2.0188810607509253e-02 -1.2869376528161129e+02
    -4.0098728859356299e+01 4.6417228103837056e+02
    -2.4650821609360771e-01 -3.7175130834186644e-02
    2.2754653157949112e-02 -1.2728738978891096e+02
    -4.0081780981173786e+01 4.6205633608283955e+02
    -2.4405114111179771e-01 -3.6327404315180022e-02
    2.3932464642375643e-02 -1.2735187632213133e+02
    -4.0453943319031275e+01 4.6282951438710023e+02
    -2.4877019860755259e-01 -3.1405350461026937e-02
    2.3758428347560187e-02 -1.2802009225717367e+02
    -4.0673377565768888e+01 4.6558058414741123e+02
    -2.4911090092346111e-01 -2.6501913754200412e-02
    2.4363130341950440e-02 -1.3183693458383019e+02
    -4.1868529564270425e+01 4.6941836513200934e+02
    -2.2497515994432715e-01 1.8366572398983174e-02
    3.5486039629948687e-02 -1.2560685649716531e+02
    -4.4403010344594243e+01 4.8439794290052822e+02
    -2.9885586802891123e-01 -9.5672765429594808e-03
    8.2904124154802097e-03 -1.3237356976226434e+02
    -3.4827640967879745e+01 4.8232552011505618e+02
    -1.4151537789118801e-01 -1.7523931344833234e-02
    -3.5838374597681618e-03 -1.2846865609279763e+02
    -1.9166429692492503e+01 4.1755408760999086e+02
    -1.5220718138169237e-01 -2.0755167955496045e-02
    -5.0888733116786792e-03 -1.2793514519086972e+02
    -2.2453739673845234e+01 4.1598695603352769e+02
    -1.5836929304777791e-01 -9.5232933607265341e-03
    -2.2246011970766370e-02 -1.2831402502268142e+02
    -2.4801932863140411e+01 4.1893325300995588e+02
    -1.5974223148319375e-01 8.0155960606608616e-03
    -1.9356899445054122e-02 -1.2241355695581316e+02
    -2.5132922100851044e+01 4.2564036411046635e+02
    -1.6327276530591264e-01 2.1167526949982977e-02
    -1.2105461359951117e-02 -1.1713827301108958e+02
    -2.3443930344522343e+01 4.2903922430422301e+02
    -1.7029995259337677e-01 2.3676622861488628e-02
    -1.1240506470409943e-02 -1.1669501474297046e+02
    -2.2982134274131575e+01 4.3172659719769740e+02
    -1.7914931122067576e-01 3.1099421799371835e-02
    -1.0139540100431757e-02 -1.1740824458706875e+02
    -2.3445758099627387e+01 4.3617772436000359e+02
    -1.8544596840249267e-01 3.4522460265050271e-02
    -9.4729290236400150e-03 -1.1880467952610084e+02
    -2.2358823794213549e+01 4.3891053290777904e+02
    -1.9052477539700924e-01 3.9496235208737525e-02
    -1.1358738589387917e-02 -1.1798930143904749e+02
    -2.1485946681620931e+01 4.4278862663796963e+02
    -1.9302917129287359e-01 3.4527021494020954e-02
    -1.9811076760852215e-02 -1.1971428771778355e+02
    -2.1226677248376777e+01 4.4469278448555406e+02
    -1.9724681174424297e-01 3.5336693255278530e-02
    -2.0170681181473665e-02 -1.1993337439995766e+02
    -2.0141374067937338e+01 4.4497848299469319e+02</data></Extrinsic_Parameters>
